"success","timeout","failed_images","failed_audio","failed_video","trial_type","trial_index","plugin_version","time_elapsed","mturk_participant_id","mturk_assignment_id","mturk_project_id","trial_id","rt","stimulus","response","view_history","0","1","2","3","4","5","6","7","8","9","10","11","12","13","14","question_order","15","init_locations","moves","final_locations","feedback","age","ethnicity","gender","race"
"true","false","[]","[]","[]","preload","0","2.0.0","1044","DDD2730E405143CD97260529527F21AD","af6a41d7-0e2c-4ba7-878c-b89f7ce2681f","c9908d3c-c6c0-4ff0-8197-ad6b853728e6","","","","","","","","","","","","","","","","","","","","","","","","","","","","","",""
"","","","","","html-button-response","1","2.0.0","19464","DDD2730E405143CD97260529527F21AD","af6a41d7-0e2c-4ba7-878c-b89f7ce2681f","c9908d3c-c6c0-4ff0-8197-ad6b853728e6","consent","18415","<p><b>Consent Form</b></p> <div style=""text-align:left;background-color:lightblue; padding:2vw; max-width:80vw;""><p><b>Purpose:</b> The purpose of this study is to understand how people think about the physical and social world.</p><p><b>Procedures:</b> In this study, you will watch videos, read sentences, or see pictures, and answer simple questions about them. This study should take approximately 30 minutes</p><p><b>Participation:</b> Participation in this study is voluntary. If you decide to join now, you can change your mind later. </p><p><b>Payment:</b> You will be paid $15.00/hour for participating in this study. Given the estimated duration of 30 minutes, your payment will amount to $7.50.</p><p><b>Risks and benefits:</b> There are no risks associated with participating in this study. There are no direct benefits associated with participating in this study. </p><p><b>Use of data by study researchers:</b> The research team led by Shari Liu at JHU will have access to your answers. </p><p><b>Publication of results:</b> The results of the research may be presented at scientific meetings or published in scientific journals. Your individual responses may be published. We will never publish your name, the date that you participated, and any other information that could be used to identify you. </p><p><b>Researcher contact information:</b> This study is run by Dr. Shari Liu at JHU. If you have any questions or concerns about this study, or in the very unlikely event of a research-related injury, please contact sliu199@jhu.edu. </p><p><b>Research rights information:</b> If you have questions about your rights as a research participant or feel that you have not been treated fairly, please call the Homewood Institutional Review Board at Johns Hopkins University at (410) 516-6580. If you have any questions or issues completing the survey, please email Shari Liu at sliu199@jhu.edu. </p> </div><p> Do you consent to participate? </p>","0","","","","","","","","","","","","","","","","","","","","","","","","","",""
"","","","","","instructions","2","2.0.0","113411","DDD2730E405143CD97260529527F21AD","af6a41d7-0e2c-4ba7-878c-b89f7ce2681f","c9908d3c-c6c0-4ff0-8197-ad6b853728e6","","93944","","","[{""page_index"":0,""viewing_time"":93944}]","","","","","","","","","","","","","","","","","","","","","","","","",""
"","","","","","instructions","3","2.0.0","124723","DDD2730E405143CD97260529527F21AD","af6a41d7-0e2c-4ba7-878c-b89f7ce2681f","c9908d3c-c6c0-4ff0-8197-ad6b853728e6","","11311","","","[{""page_index"":0,""viewing_time"":11311}]","","","","","","","","","","","","","","","","","","","","","","","","",""
"","","","","","survey-slider","4","null","208828","DDD2730E405143CD97260529527F21AD","af6a41d7-0e2c-4ba7-878c-b89f7ce2681f","c9908d3c-c6c0-4ff0-8197-ad6b853728e6","","84092.70000000298","","{""Q0"":""77"",""Q1"":""100"",""Q2"":""47"",""Q3"":""74"",""Q4"":""100"",""Q5"":""54"",""Q6"":""79"",""Q7"":""90"",""Q8"":""50"",""Q9"":""100"",""Q10"":""95"",""Q11"":""63"",""Q12"":""73"",""Q13"":""33"",""Q14"":""80""}","","{""itemA"":""choose what to do"",""itemB"":""choose what to do"",""categoryA"":""cognitive"",""categoryB"":""cognitive"",""attention_check"":false,""correct_response"":null}","{""itemA"":""choose what to do"",""itemB"":""take a walk"",""categoryA"":""cognitive"",""categoryB"":""physical"",""attention_check"":false,""correct_response"":null}","{""itemA"":""choose what to do"",""itemB"":""hear something"",""categoryA"":""cognitive"",""categoryB"":""cognitive"",""attention_check"":false,""correct_response"":null}","{""itemA"":""choose what to do"",""itemB"":""think about something"",""categoryA"":""cognitive"",""categoryB"":""cognitive"",""attention_check"":false,""correct_response"":null}","{""itemA"":""choose what to do"",""itemB"":""kick something"",""categoryA"":""cognitive"",""categoryB"":""physical"",""attention_check"":false,""correct_response"":null}","{""itemA"":""choose what to do"",""itemB"":""remember something"",""categoryA"":""cognitive"",""categoryB"":""cognitive"",""attention_check"":false,""correct_response"":null}","{""itemA"":""choose what to do"",""itemB"":""get sick"",""categoryA"":""cognitive"",""categoryB"":""physiological"",""attention_check"":false,""correct_response"":null}","{""itemA"":""choose what to do"",""itemB"":""get tired"",""categoryA"":""cognitive"",""categoryB"":""physiological"",""attention_check"":false,""correct_response"":null}","{""itemA"":""choose what to do"",""itemB"":""jump up and down"",""categoryA"":""cognitive"",""categoryB"":""physical"",""attention_check"":false,""correct_response"":null}","{""itemA"":""choose what to do"",""itemB"":""sit down"",""categoryA"":""cognitive"",""categoryB"":""physical"",""attention_check"":false,""correct_response"":null}","{""itemA"":""choose what to do"",""itemB"":""reach for something"",""categoryA"":""cognitive"",""categoryB"":""physical"",""attention_check"":false,""correct_response"":null}","{""itemA"":""choose what to do"",""itemB"":""feel scared"",""categoryA"":""cognitive"",""categoryB"":""physiological"",""attention_check"":false,""correct_response"":null}","{""itemA"":""choose what to do"",""itemB"":""experience pain"",""categoryA"":""cognitive"",""categoryB"":""physiological"",""attention_check"":false,""correct_response"":null}","{""itemA"":""choose what to do"",""itemB"":""become hungry"",""categoryA"":""cognitive"",""categoryB"":""physiological"",""attention_check"":false,""correct_response"":null}","{""itemA"":""choose what to do"",""itemB"":""see something"",""categoryA"":""cognitive"",""categoryB"":""cognitive"",""attention_check"":false,""correct_response"":null}","[0,1,2,3,4,5,6,7,8,9,10,11,12,13,14]","","","","","","","","",""
"","","","","","survey-slider","5","null","309323","DDD2730E405143CD97260529527F21AD","af6a41d7-0e2c-4ba7-878c-b89f7ce2681f","c9908d3c-c6c0-4ff0-8197-ad6b853728e6","","100484.79999999702","","{""Q0"":""70"",""Q1"":""100"",""Q2"":""100"",""Q3"":""33"",""Q4"":""100"",""Q5"":""57"",""Q6"":""16"",""Q7"":""18"",""Q8"":""81"",""Q9"":""73"",""Q10"":""47"",""Q11"":""78"",""Q12"":""42"",""Q13"":""51"",""Q14"":""52""}","","{""itemA"":""become hungry"",""itemB"":""experience pain"",""categoryA"":""physiological"",""categoryB"":""physiological"",""attention_check"":false,""correct_response"":null}","{""itemA"":""become hungry"",""itemB"":""choose what to do"",""categoryA"":""physiological"",""categoryB"":""cognitive"",""attention_check"":false,""correct_response"":null}","{""itemA"":""become hungry"",""itemB"":""reach for something"",""categoryA"":""physiological"",""categoryB"":""physical"",""attention_check"":false,""correct_response"":null}","{""itemA"":""become hungry"",""itemB"":""remember something"",""categoryA"":""physiological"",""categoryB"":""cognitive"",""attention_check"":false,""correct_response"":null}","{""itemA"":""become hungry"",""itemB"":""sit down"",""categoryA"":""physiological"",""categoryB"":""physical"",""attention_check"":false,""correct_response"":null}","{""itemA"":""become hungry"",""itemB"":""get sick"",""categoryA"":""physiological"",""categoryB"":""physiological"",""attention_check"":false,""correct_response"":null}","{""itemA"":""become hungry"",""itemB"":""get tired"",""categoryA"":""physiological"",""categoryB"":""physiological"",""attention_check"":false,""correct_response"":null}","{""itemA"":""become hungry"",""itemB"":""feel scared"",""categoryA"":""physiological"",""categoryB"":""physiological"",""attention_check"":false,""correct_response"":null}","{""itemA"":""become hungry"",""itemB"":""become hungry"",""categoryA"":""physiological"",""categoryB"":""physiological"",""attention_check"":false,""correct_response"":null}","{""itemA"":""become hungry"",""itemB"":""kick something"",""categoryA"":""physiological"",""categoryB"":""physical"",""attention_check"":false,""correct_response"":null}","{""itemA"":""become hungry"",""itemB"":""hear something"",""categoryA"":""physiological"",""categoryB"":""cognitive"",""attention_check"":false,""correct_response"":null}","{""itemA"":""become hungry"",""itemB"":""think about something"",""categoryA"":""physiological"",""categoryB"":""cognitive"",""attention_check"":false,""correct_response"":null}","{""itemA"":""become hungry"",""itemB"":""jump up and down"",""categoryA"":""physiological"",""categoryB"":""physical"",""attention_check"":false,""correct_response"":null}","{""itemA"":""become hungry"",""itemB"":""see something"",""categoryA"":""physiological"",""categoryB"":""cognitive"",""attention_check"":false,""correct_response"":null}","{""itemA"":""become hungry"",""itemB"":""take a walk"",""categoryA"":""physiological"",""categoryB"":""physical"",""attention_check"":false,""correct_response"":null}","[0,1,2,3,4,5,6,7,8,9,10,11,12,13,14]","","","","","","","","",""
"","","","","","survey-slider","6","null","760672","DDD2730E405143CD97260529527F21AD","af6a41d7-0e2c-4ba7-878c-b89f7ce2681f","c9908d3c-c6c0-4ff0-8197-ad6b853728e6","","451338.200000003","","{""Q0"":""25"",""Q1"":""93"",""Q2"":""51"",""Q3"":""0"",""Q4"":""70"",""Q5"":""40"",""Q6"":""37"",""Q7"":""100"",""Q8"":""73"",""Q9"":""73"",""Q10"":""42"",""Q11"":""64"",""Q12"":""74"",""Q13"":""25"",""Q14"":""0""}","","{""itemA"":""sit down"",""itemB"":""become hungry"",""categoryA"":""physical"",""categoryB"":""physiological"",""attention_check"":false,""correct_response"":null}","{""itemA"":""sit down"",""itemB"":""see something"",""categoryA"":""physical"",""categoryB"":""cognitive"",""attention_check"":false,""correct_response"":null}","{""itemA"":""sit down"",""itemB"":""get sick"",""categoryA"":""physical"",""categoryB"":""physiological"",""attention_check"":false,""correct_response"":null}","{""itemA"":""sit down"",""itemB"":""take a walk"",""categoryA"":""physical"",""categoryB"":""physical"",""attention_check"":false,""correct_response"":null}","{""itemA"":""sit down"",""itemB"":""hear something"",""categoryA"":""physical"",""categoryB"":""cognitive"",""attention_check"":false,""correct_response"":null}","{""itemA"":""sit down"",""itemB"":""feel scared"",""categoryA"":""physical"",""categoryB"":""physiological"",""attention_check"":false,""correct_response"":null}","{""itemA"":""sit down"",""itemB"":""get tired"",""categoryA"":""physical"",""categoryB"":""physiological"",""attention_check"":false,""correct_response"":null}","{""itemA"":""sit down"",""itemB"":""sit down"",""categoryA"":""physical"",""categoryB"":""physical"",""attention_check"":false,""correct_response"":null}","{""itemA"":""sit down"",""itemB"":""think about something"",""categoryA"":""physical"",""categoryB"":""cognitive"",""attention_check"":false,""correct_response"":null}","{""itemA"":""sit down"",""itemB"":""reach for something"",""categoryA"":""physical"",""categoryB"":""physical"",""attention_check"":false,""correct_response"":null}","{""itemA"":""sit down"",""itemB"":""experience pain"",""categoryA"":""physical"",""categoryB"":""physiological"",""attention_check"":false,""correct_response"":null}","{""itemA"":""sit down"",""itemB"":""remember something"",""categoryA"":""physical"",""categoryB"":""cognitive"",""attention_check"":false,""correct_response"":null}","{""itemA"":""sit down"",""itemB"":""choose what to do"",""categoryA"":""physical"",""categoryB"":""cognitive"",""attention_check"":false,""correct_response"":null}","{""itemA"":""sit down"",""itemB"":""kick something"",""categoryA"":""physical"",""categoryB"":""physical"",""attention_check"":false,""correct_response"":null}","{""itemA"":""sit down"",""itemB"":""jump up and down"",""categoryA"":""physical"",""categoryB"":""physical"",""attention_check"":false,""correct_response"":null}","[0,1,2,3,4,5,6,7,8,9,10,11,12,13,14]","","","","","","","","",""
"","","","","","survey-slider","7","null","826327","DDD2730E405143CD97260529527F21AD","af6a41d7-0e2c-4ba7-878c-b89f7ce2681f","c9908d3c-c6c0-4ff0-8197-ad6b853728e6","","65644.40000000596","","{""Q0"":""0"",""Q1"":""17"",""Q2"":""68"",""Q3"":""5"",""Q4"":""68"",""Q5"":""17"",""Q6"":""52"",""Q7"":""80"",""Q8"":""58"",""Q9"":""0"",""Q10"":""77"",""Q11"":""99"",""Q12"":""52"",""Q13"":""100"",""Q14"":""0"",""Q15"":""71""}","","{""itemA"":""jump up and down"",""itemB"":""sit down"",""categoryA"":""physical"",""categoryB"":""physical"",""attention_check"":false,""correct_response"":null}","{""itemA"":""jump up and down"",""itemB"":""choose what to do"",""categoryA"":""physical"",""categoryB"":""cognitive"",""attention_check"":false,""correct_response"":null}","{""itemA"":""jump up and down"",""itemB"":""think about something"",""categoryA"":""physical"",""categoryB"":""cognitive"",""attention_check"":false,""correct_response"":null}","{""itemA"":""jump up and down"",""itemB"":""reach for something"",""categoryA"":""physical"",""categoryB"":""physical"",""attention_check"":false,""correct_response"":null}","{""itemA"":""jump up and down"",""itemB"":""remember something"",""categoryA"":""physical"",""categoryB"":""cognitive"",""attention_check"":false,""correct_response"":null}","{""itemA"":""jump up and down"",""itemB"":""kick something"",""categoryA"":""physical"",""categoryB"":""physical"",""attention_check"":false,""correct_response"":null}","{""itemA"":""jump up and down"",""itemB"":""become hungry"",""categoryA"":""physical"",""categoryB"":""physiological"",""attention_check"":false,""correct_response"":null}","{""itemA"":""jump up and down"",""itemB"":""get sick"",""categoryA"":""physical"",""categoryB"":""physiological"",""attention_check"":false,""correct_response"":null}","{""itemA"":""jump up and down"",""itemB"":""feel scared"",""categoryA"":""physical"",""categoryB"":""physiological"",""attention_check"":false,""correct_response"":null}","{""itemA"":""jump up and down"",""itemB"":""take a walk"",""categoryA"":""physical"",""categoryB"":""physical"",""attention_check"":false,""correct_response"":null}","{""itemA"":""jump up and down"",""itemB"":""experience pain"",""categoryA"":""physical"",""categoryB"":""physiological"",""attention_check"":false,""correct_response"":null}","{""itemA"":""jump up and down"",""itemB"":""get tired"",""categoryA"":""physical"",""categoryB"":""physiological"",""attention_check"":false,""correct_response"":null}","{""itemA"":""jump up and down"",""itemB"":""hear something"",""categoryA"":""physical"",""categoryB"":""cognitive"",""attention_check"":false,""correct_response"":null}","{""itemA"":""jump up and down"",""itemB"":""jump up and down"",""categoryA"":""physical"",""categoryB"":""physical"",""attention_check"":false,""correct_response"":null}","{""itemA"":null,""itemB"":null,""categoryA"":null,""categoryB"":null,""attention_check"":true,""correct_response"":null}","[0,1,2,3,4,5,6,7,8,9,10,11,12,13,14,15]","{""itemA"":""jump up and down"",""itemB"":""see something"",""categoryA"":""physical"",""categoryB"":""cognitive"",""attention_check"":false,""correct_response"":null}","","","","","","","",""
"","","","","","survey-slider","8","null","1028941","DDD2730E405143CD97260529527F21AD","af6a41d7-0e2c-4ba7-878c-b89f7ce2681f","c9908d3c-c6c0-4ff0-8197-ad6b853728e6","","202601.1000000015","","{""Q0"":""99"",""Q1"":""15"",""Q2"":""15"",""Q3"":""0"",""Q4"":""87"",""Q5"":""100"",""Q6"":""100"",""Q7"":""100"",""Q8"":""66"",""Q9"":""50"",""Q10"":""16"",""Q11"":""60"",""Q12"":""43"",""Q13"":""26"",""Q14"":""26""}","","{""itemA"":""think about something"",""itemB"":""remember something"",""categoryA"":""cognitive"",""categoryB"":""cognitive"",""attention_check"":false,""correct_response"":null}","{""itemA"":""think about something"",""itemB"":""get tired"",""categoryA"":""cognitive"",""categoryB"":""physiological"",""attention_check"":false,""correct_response"":null}","{""itemA"":""think about something"",""itemB"":""hear something"",""categoryA"":""cognitive"",""categoryB"":""cognitive"",""attention_check"":false,""correct_response"":null}","{""itemA"":""think about something"",""itemB"":""sit down"",""categoryA"":""cognitive"",""categoryB"":""physical"",""attention_check"":false,""correct_response"":null}","{""itemA"":""think about something"",""itemB"":""reach for something"",""categoryA"":""cognitive"",""categoryB"":""physical"",""attention_check"":false,""correct_response"":null}","{""itemA"":""think about something"",""itemB"":""think about something"",""categoryA"":""cognitive"",""categoryB"":""cognitive"",""attention_check"":false,""correct_response"":null}","{""itemA"":""think about something"",""itemB"":""choose what to do"",""categoryA"":""cognitive"",""categoryB"":""cognitive"",""attention_check"":false,""correct_response"":null}","{""itemA"":""think about something"",""itemB"":""feel scared"",""categoryA"":""cognitive"",""categoryB"":""physiological"",""attention_check"":false,""correct_response"":null}","{""itemA"":""think about something"",""itemB"":""kick something"",""categoryA"":""cognitive"",""categoryB"":""physical"",""attention_check"":false,""correct_response"":null}","{""itemA"":""think about something"",""itemB"":""see something"",""categoryA"":""cognitive"",""categoryB"":""cognitive"",""attention_check"":false,""correct_response"":null}","{""itemA"":""think about something"",""itemB"":""get sick"",""categoryA"":""cognitive"",""categoryB"":""physiological"",""attention_check"":false,""correct_response"":null}","{""itemA"":""think about something"",""itemB"":""experience pain"",""categoryA"":""cognitive"",""categoryB"":""physiological"",""attention_check"":false,""correct_response"":null}","{""itemA"":""think about something"",""itemB"":""become hungry"",""categoryA"":""cognitive"",""categoryB"":""physiological"",""attention_check"":false,""correct_response"":null}","{""itemA"":""think about something"",""itemB"":""take a walk"",""categoryA"":""cognitive"",""categoryB"":""physical"",""attention_check"":false,""correct_response"":null}","{""itemA"":""think about something"",""itemB"":""jump up and down"",""categoryA"":""cognitive"",""categoryB"":""physical"",""attention_check"":false,""correct_response"":null}","[0,1,2,3,4,5,6,7,8,9,10,11,12,13,14]","","","","","","","","",""
"","","","","","survey-slider","9","null","1206506","DDD2730E405143CD97260529527F21AD","af6a41d7-0e2c-4ba7-878c-b89f7ce2681f","c9908d3c-c6c0-4ff0-8197-ad6b853728e6","","177555","","{""Q0"":""100"",""Q1"":""55"",""Q2"":""84"",""Q3"":""31"",""Q4"":""85"",""Q5"":""100"",""Q6"":""100"",""Q7"":""58"",""Q8"":""55"",""Q9"":""44"",""Q10"":""100"",""Q11"":""94"",""Q12"":""79"",""Q13"":""100"",""Q14"":""55""}","","{""itemA"":""see something"",""itemB"":""think about something"",""categoryA"":""cognitive"",""categoryB"":""cognitive"",""attention_check"":false,""correct_response"":null}","{""itemA"":""see something"",""itemB"":""get sick"",""categoryA"":""cognitive"",""categoryB"":""physiological"",""attention_check"":false,""correct_response"":null}","{""itemA"":""see something"",""itemB"":""jump up and down"",""categoryA"":""cognitive"",""categoryB"":""physical"",""attention_check"":false,""correct_response"":null}","{""itemA"":""see something"",""itemB"":""get tired"",""categoryA"":""cognitive"",""categoryB"":""physiological"",""attention_check"":false,""correct_response"":null}","{""itemA"":""see something"",""itemB"":""sit down"",""categoryA"":""cognitive"",""categoryB"":""physical"",""attention_check"":false,""correct_response"":null}","{""itemA"":""see something"",""itemB"":""see something"",""categoryA"":""cognitive"",""categoryB"":""cognitive"",""attention_check"":false,""correct_response"":null}","{""itemA"":""see something"",""itemB"":""feel scared"",""categoryA"":""cognitive"",""categoryB"":""physiological"",""attention_check"":false,""correct_response"":null}","{""itemA"":""see something"",""itemB"":""become hungry"",""categoryA"":""cognitive"",""categoryB"":""physiological"",""attention_check"":false,""correct_response"":null}","{""itemA"":""see something"",""itemB"":""experience pain"",""categoryA"":""cognitive"",""categoryB"":""physiological"",""attention_check"":false,""correct_response"":null}","{""itemA"":""see something"",""itemB"":""hear something"",""categoryA"":""cognitive"",""categoryB"":""cognitive"",""attention_check"":false,""correct_response"":null}","{""itemA"":""see something"",""itemB"":""remember something"",""categoryA"":""cognitive"",""categoryB"":""cognitive"",""attention_check"":false,""correct_response"":null}","{""itemA"":""see something"",""itemB"":""choose what to do"",""categoryA"":""cognitive"",""categoryB"":""cognitive"",""attention_check"":false,""correct_response"":null}","{""itemA"":""see something"",""itemB"":""kick something"",""categoryA"":""cognitive"",""categoryB"":""physical"",""attention_check"":false,""correct_response"":null}","{""itemA"":""see something"",""itemB"":""reach for something"",""categoryA"":""cognitive"",""categoryB"":""physical"",""attention_check"":false,""correct_response"":null}","{""itemA"":""see something"",""itemB"":""take a walk"",""categoryA"":""cognitive"",""categoryB"":""physical"",""attention_check"":false,""correct_response"":null}","[0,1,2,3,4,5,6,7,8,9,10,11,12,13,14]","","","","","","","","",""
"","","","","","survey-slider","10","null","1444614","DDD2730E405143CD97260529527F21AD","af6a41d7-0e2c-4ba7-878c-b89f7ce2681f","c9908d3c-c6c0-4ff0-8197-ad6b853728e6","","238099.29999999702","","{""Q0"":""71"",""Q1"":""36"",""Q2"":""100"",""Q3"":""52"",""Q4"":""100"",""Q5"":""32"",""Q6"":""68"",""Q7"":""87"",""Q8"":""87"",""Q9"":""61"",""Q10"":""100"",""Q11"":""48"",""Q12"":""53"",""Q13"":""49"",""Q14"":""59""}","","{""itemA"":""feel scared"",""itemB"":""take a walk"",""categoryA"":""physiological"",""categoryB"":""physical"",""attention_check"":false,""correct_response"":null}","{""itemA"":""feel scared"",""itemB"":""hear something"",""categoryA"":""physiological"",""categoryB"":""cognitive"",""attention_check"":false,""correct_response"":null}","{""itemA"":""feel scared"",""itemB"":""reach for something"",""categoryA"":""physiological"",""categoryB"":""physical"",""attention_check"":false,""correct_response"":null}","{""itemA"":""feel scared"",""itemB"":""experience pain"",""categoryA"":""physiological"",""categoryB"":""physiological"",""attention_check"":false,""correct_response"":null}","{""itemA"":""feel scared"",""itemB"":""feel scared"",""categoryA"":""physiological"",""categoryB"":""physiological"",""attention_check"":false,""correct_response"":null}","{""itemA"":""feel scared"",""itemB"":""get tired"",""categoryA"":""physiological"",""categoryB"":""physiological"",""attention_check"":false,""correct_response"":null}","{""itemA"":""feel scared"",""itemB"":""sit down"",""categoryA"":""physiological"",""categoryB"":""physical"",""attention_check"":false,""correct_response"":null}","{""itemA"":""feel scared"",""itemB"":""choose what to do"",""categoryA"":""physiological"",""categoryB"":""cognitive"",""attention_check"":false,""correct_response"":null}","{""itemA"":""feel scared"",""itemB"":""kick something"",""categoryA"":""physiological"",""categoryB"":""physical"",""attention_check"":false,""correct_response"":null}","{""itemA"":""feel scared"",""itemB"":""get sick"",""categoryA"":""physiological"",""categoryB"":""physiological"",""attention_check"":false,""correct_response"":null}","{""itemA"":""feel scared"",""itemB"":""think about something"",""categoryA"":""physiological"",""categoryB"":""cognitive"",""attention_check"":false,""correct_response"":null}","{""itemA"":""feel scared"",""itemB"":""become hungry"",""categoryA"":""physiological"",""categoryB"":""physiological"",""attention_check"":false,""correct_response"":null}","{""itemA"":""feel scared"",""itemB"":""jump up and down"",""categoryA"":""physiological"",""categoryB"":""physical"",""attention_check"":false,""correct_response"":null}","{""itemA"":""feel scared"",""itemB"":""see something"",""categoryA"":""physiological"",""categoryB"":""cognitive"",""attention_check"":false,""correct_response"":null}","{""itemA"":""feel scared"",""itemB"":""remember something"",""categoryA"":""physiological"",""categoryB"":""cognitive"",""attention_check"":false,""correct_response"":null}","[0,1,2,3,4,5,6,7,8,9,10,11,12,13,14]","","","","","","","","",""
"","","","","","survey-slider","11","null","1729367","DDD2730E405143CD97260529527F21AD","af6a41d7-0e2c-4ba7-878c-b89f7ce2681f","c9908d3c-c6c0-4ff0-8197-ad6b853728e6","","284744","","{""Q0"":""23"",""Q1"":""33"",""Q2"":""44"",""Q3"":""30"",""Q4"":""65"",""Q5"":""37"",""Q6"":""29"",""Q7"":""57"",""Q8"":""47"",""Q9"":""74"",""Q10"":""100"",""Q11"":""46"",""Q12"":""39"",""Q13"":""39"",""Q14"":""6"",""Q15"":""18""}","","{""itemA"":""reach for something"",""itemB"":""take a walk"",""categoryA"":""physical"",""categoryB"":""physical"",""attention_check"":false,""correct_response"":null}","{""itemA"":""reach for something"",""itemB"":""kick something"",""categoryA"":""physical"",""categoryB"":""physical"",""attention_check"":false,""correct_response"":null}","{""itemA"":""reach for something"",""itemB"":""hear something"",""categoryA"":""physical"",""categoryB"":""cognitive"",""attention_check"":false,""correct_response"":null}","{""itemA"":""reach for something"",""itemB"":""sit down"",""categoryA"":""physical"",""categoryB"":""physical"",""attention_check"":false,""correct_response"":null}","{""itemA"":""reach for something"",""itemB"":""get tired"",""categoryA"":""physical"",""categoryB"":""physiological"",""attention_check"":false,""correct_response"":null}","{""itemA"":""reach for something"",""itemB"":""get sick"",""categoryA"":""physical"",""categoryB"":""physiological"",""attention_check"":false,""correct_response"":null}","{""itemA"":""reach for something"",""itemB"":""become hungry"",""categoryA"":""physical"",""categoryB"":""physiological"",""attention_check"":false,""correct_response"":null}","{""itemA"":""reach for something"",""itemB"":""experience pain"",""categoryA"":""physical"",""categoryB"":""physiological"",""attention_check"":false,""correct_response"":null}","{""itemA"":""reach for something"",""itemB"":""remember something"",""categoryA"":""physical"",""categoryB"":""cognitive"",""attention_check"":false,""correct_response"":null}","{""itemA"":null,""itemB"":null,""categoryA"":null,""categoryB"":null,""attention_check"":true,""correct_response"":75}","{""itemA"":""reach for something"",""itemB"":""reach for something"",""categoryA"":""physical"",""categoryB"":""physical"",""attention_check"":false,""correct_response"":null}","{""itemA"":""reach for something"",""itemB"":""think about something"",""categoryA"":""physical"",""categoryB"":""cognitive"",""attention_check"":false,""correct_response"":null}","{""itemA"":""reach for something"",""itemB"":""see something"",""categoryA"":""physical"",""categoryB"":""cognitive"",""attention_check"":false,""correct_response"":null}","{""itemA"":""reach for something"",""itemB"":""choose what to do"",""categoryA"":""physical"",""categoryB"":""cognitive"",""attention_check"":false,""correct_response"":null}","{""itemA"":""reach for something"",""itemB"":""jump up and down"",""categoryA"":""physical"",""categoryB"":""physical"",""attention_check"":false,""correct_response"":null}","[0,1,2,3,4,5,6,7,8,9,10,11,12,13,14,15]","{""itemA"":""reach for something"",""itemB"":""feel scared"",""categoryA"":""physical"",""categoryB"":""physiological"",""attention_check"":false,""correct_response"":null}","","","","","","","",""
"","","","","","survey-slider","12","null","1834381","DDD2730E405143CD97260529527F21AD","af6a41d7-0e2c-4ba7-878c-b89f7ce2681f","c9908d3c-c6c0-4ff0-8197-ad6b853728e6","","105005.39999999851","","{""Q0"":""32"",""Q1"":""32"",""Q2"":""87"",""Q3"":""99"",""Q4"":""10"",""Q5"":""89"",""Q6"":""100"",""Q7"":""74"",""Q8"":""100"",""Q9"":""38"",""Q10"":""18"",""Q11"":""63"",""Q12"":""23"",""Q13"":""26"",""Q14"":""65""}","","{""itemA"":""experience pain"",""itemB"":""see something"",""categoryA"":""physiological"",""categoryB"":""cognitive"",""attention_check"":false,""correct_response"":null}","{""itemA"":""experience pain"",""itemB"":""jump up and down"",""categoryA"":""physiological"",""categoryB"":""physical"",""attention_check"":false,""correct_response"":null}","{""itemA"":""experience pain"",""itemB"":""get sick"",""categoryA"":""physiological"",""categoryB"":""physiological"",""attention_check"":false,""correct_response"":null}","{""itemA"":""experience pain"",""itemB"":""get tired"",""categoryA"":""physiological"",""categoryB"":""physiological"",""attention_check"":false,""correct_response"":null}","{""itemA"":""experience pain"",""itemB"":""hear something"",""categoryA"":""physiological"",""categoryB"":""cognitive"",""attention_check"":false,""correct_response"":null}","{""itemA"":""experience pain"",""itemB"":""reach for something"",""categoryA"":""physiological"",""categoryB"":""physical"",""attention_check"":false,""correct_response"":null}","{""itemA"":""experience pain"",""itemB"":""sit down"",""categoryA"":""physiological"",""categoryB"":""physical"",""attention_check"":false,""correct_response"":null}","{""itemA"":""experience pain"",""itemB"":""feel scared"",""categoryA"":""physiological"",""categoryB"":""physiological"",""attention_check"":false,""correct_response"":null}","{""itemA"":""experience pain"",""itemB"":""experience pain"",""categoryA"":""physiological"",""categoryB"":""physiological"",""attention_check"":false,""correct_response"":null}","{""itemA"":""experience pain"",""itemB"":""remember something"",""categoryA"":""physiological"",""categoryB"":""cognitive"",""attention_check"":false,""correct_response"":null}","{""itemA"":""experience pain"",""itemB"":""take a walk"",""categoryA"":""physiological"",""categoryB"":""physical"",""attention_check"":false,""correct_response"":null}","{""itemA"":""experience pain"",""itemB"":""think about something"",""categoryA"":""physiological"",""categoryB"":""cognitive"",""attention_check"":false,""correct_response"":null}","{""itemA"":""experience pain"",""itemB"":""become hungry"",""categoryA"":""physiological"",""categoryB"":""physiological"",""attention_check"":false,""correct_response"":null}","{""itemA"":""experience pain"",""itemB"":""kick something"",""categoryA"":""physiological"",""categoryB"":""physical"",""attention_check"":false,""correct_response"":null}","{""itemA"":""experience pain"",""itemB"":""choose what to do"",""categoryA"":""physiological"",""categoryB"":""cognitive"",""attention_check"":false,""correct_response"":null}","[0,1,2,3,4,5,6,7,8,9,10,11,12,13,14]","","","","","","","","",""
"","","","","","survey-slider","13","null","1894381","DDD2730E405143CD97260529527F21AD","af6a41d7-0e2c-4ba7-878c-b89f7ce2681f","c9908d3c-c6c0-4ff0-8197-ad6b853728e6","","59990.20000000298","","{""Q0"":""53"",""Q1"":""34"",""Q2"":""59"",""Q3"":""0"",""Q4"":""0"",""Q5"":""0"",""Q6"":""55"",""Q7"":""0"",""Q8"":""75"",""Q9"":""59"",""Q10"":""0"",""Q11"":""66"",""Q12"":""100"",""Q13"":""100"",""Q14"":""53"",""Q15"":""87""}","","{""itemA"":""take a walk"",""itemB"":""get sick"",""categoryA"":""physical"",""categoryB"":""physiological"",""attention_check"":false,""correct_response"":null}","{""itemA"":""take a walk"",""itemB"":""choose what to do"",""categoryA"":""physical"",""categoryB"":""cognitive"",""attention_check"":false,""correct_response"":null}","{""itemA"":""take a walk"",""itemB"":""think about something"",""categoryA"":""physical"",""categoryB"":""cognitive"",""attention_check"":false,""correct_response"":null}","{""itemA"":null,""itemB"":null,""categoryA"":null,""categoryB"":null,""attention_check"":true,""correct_response"":null}","{""itemA"":""take a walk"",""itemB"":""reach for something"",""categoryA"":""physical"",""categoryB"":""physical"",""attention_check"":false,""correct_response"":null}","{""itemA"":""take a walk"",""itemB"":""jump up and down"",""categoryA"":""physical"",""categoryB"":""physical"",""attention_check"":false,""correct_response"":null}","{""itemA"":""take a walk"",""itemB"":""feel scared"",""categoryA"":""physical"",""categoryB"":""physiological"",""attention_check"":false,""correct_response"":null}","{""itemA"":""take a walk"",""itemB"":""kick something"",""categoryA"":""physical"",""categoryB"":""physical"",""attention_check"":false,""correct_response"":null}","{""itemA"":""take a walk"",""itemB"":""hear something"",""categoryA"":""physical"",""categoryB"":""cognitive"",""attention_check"":false,""correct_response"":null}","{""itemA"":""take a walk"",""itemB"":""experience pain"",""categoryA"":""physical"",""categoryB"":""physiological"",""attention_check"":false,""correct_response"":null}","{""itemA"":""take a walk"",""itemB"":""sit down"",""categoryA"":""physical"",""categoryB"":""physical"",""attention_check"":false,""correct_response"":null}","{""itemA"":""take a walk"",""itemB"":""become hungry"",""categoryA"":""physical"",""categoryB"":""physiological"",""attention_check"":false,""correct_response"":null}","{""itemA"":""take a walk"",""itemB"":""take a walk"",""categoryA"":""physical"",""categoryB"":""physical"",""attention_check"":false,""correct_response"":null}","{""itemA"":""take a walk"",""itemB"":""see something"",""categoryA"":""physical"",""categoryB"":""cognitive"",""attention_check"":false,""correct_response"":null}","{""itemA"":""take a walk"",""itemB"":""remember something"",""categoryA"":""physical"",""categoryB"":""cognitive"",""attention_check"":false,""correct_response"":null}","[0,1,2,3,4,5,6,7,8,9,10,11,12,13,14,15]","{""itemA"":""take a walk"",""itemB"":""get tired"",""categoryA"":""physical"",""categoryB"":""physiological"",""attention_check"":false,""correct_response"":null}","","","","","","","",""
"","","","","","survey-slider","14","null","2118589","DDD2730E405143CD97260529527F21AD","af6a41d7-0e2c-4ba7-878c-b89f7ce2681f","c9908d3c-c6c0-4ff0-8197-ad6b853728e6","","224198.6000000015","","{""Q0"":""27"",""Q1"":""0"",""Q2"":""91"",""Q3"":""82"",""Q4"":""69"",""Q5"":""31"",""Q6"":""71"",""Q7"":""27"",""Q8"":""77"",""Q9"":""100"",""Q10"":""56"",""Q11"":""100"",""Q12"":""74"",""Q13"":""28"",""Q14"":""51""}","","{""itemA"":""remember something"",""itemB"":""hear something"",""categoryA"":""cognitive"",""categoryB"":""cognitive"",""attention_check"":false,""correct_response"":null}","{""itemA"":""remember something"",""itemB"":""get tired"",""categoryA"":""cognitive"",""categoryB"":""physiological"",""attention_check"":false,""correct_response"":null}","{""itemA"":""remember something"",""itemB"":""experience pain"",""categoryA"":""cognitive"",""categoryB"":""physiological"",""attention_check"":false,""correct_response"":null}","{""itemA"":""remember something"",""itemB"":""reach for something"",""categoryA"":""cognitive"",""categoryB"":""physical"",""attention_check"":false,""correct_response"":null}","{""itemA"":""remember something"",""itemB"":""kick something"",""categoryA"":""cognitive"",""categoryB"":""physical"",""attention_check"":false,""correct_response"":null}","{""itemA"":""remember something"",""itemB"":""get sick"",""categoryA"":""cognitive"",""categoryB"":""physiological"",""attention_check"":false,""correct_response"":null}","{""itemA"":""remember something"",""itemB"":""jump up and down"",""categoryA"":""cognitive"",""categoryB"":""physical"",""attention_check"":false,""correct_response"":null}","{""itemA"":""remember something"",""itemB"":""become hungry"",""categoryA"":""cognitive"",""categoryB"":""physiological"",""attention_check"":false,""correct_response"":null}","{""itemA"":""remember something"",""itemB"":""choose what to do"",""categoryA"":""cognitive"",""categoryB"":""cognitive"",""attention_check"":false,""correct_response"":null}","{""itemA"":""remember something"",""itemB"":""remember something"",""categoryA"":""cognitive"",""categoryB"":""cognitive"",""attention_check"":false,""correct_response"":null}","{""itemA"":""remember something"",""itemB"":""see something"",""categoryA"":""cognitive"",""categoryB"":""cognitive"",""attention_check"":false,""correct_response"":null}","{""itemA"":""remember something"",""itemB"":""think about something"",""categoryA"":""cognitive"",""categoryB"":""cognitive"",""attention_check"":false,""correct_response"":null}","{""itemA"":""remember something"",""itemB"":""feel scared"",""categoryA"":""cognitive"",""categoryB"":""physiological"",""attention_check"":false,""correct_response"":null}","{""itemA"":""remember something"",""itemB"":""take a walk"",""categoryA"":""cognitive"",""categoryB"":""physical"",""attention_check"":false,""correct_response"":null}","{""itemA"":""remember something"",""itemB"":""sit down"",""categoryA"":""cognitive"",""categoryB"":""physical"",""attention_check"":false,""correct_response"":null}","[0,1,2,3,4,5,6,7,8,9,10,11,12,13,14]","","","","","","","","",""
"","","","","","survey-slider","15","null","2177764","DDD2730E405143CD97260529527F21AD","af6a41d7-0e2c-4ba7-878c-b89f7ce2681f","c9908d3c-c6c0-4ff0-8197-ad6b853728e6","","59161.79999999702","","{""Q0"":""100"",""Q1"":""44"",""Q2"":""39"",""Q3"":""11"",""Q4"":""92"",""Q5"":""90"",""Q6"":""100"",""Q7"":""0"",""Q8"":""61"",""Q9"":""35"",""Q10"":""27"",""Q11"":""52"",""Q12"":""3"",""Q13"":""77"",""Q14"":""2""}","","{""itemA"":""get sick"",""itemB"":""experience pain"",""categoryA"":""physiological"",""categoryB"":""physiological"",""attention_check"":false,""correct_response"":null}","{""itemA"":""get sick"",""itemB"":""see something"",""categoryA"":""physiological"",""categoryB"":""cognitive"",""attention_check"":false,""correct_response"":null}","{""itemA"":""get sick"",""itemB"":""hear something"",""categoryA"":""physiological"",""categoryB"":""cognitive"",""attention_check"":false,""correct_response"":null}","{""itemA"":""get sick"",""itemB"":""take a walk"",""categoryA"":""physiological"",""categoryB"":""physical"",""attention_check"":false,""correct_response"":null}","{""itemA"":""get sick"",""itemB"":""feel scared"",""categoryA"":""physiological"",""categoryB"":""physiological"",""attention_check"":false,""correct_response"":null}","{""itemA"":""get sick"",""itemB"":""get tired"",""categoryA"":""physiological"",""categoryB"":""physiological"",""attention_check"":false,""correct_response"":null}","{""itemA"":""get sick"",""itemB"":""get sick"",""categoryA"":""physiological"",""categoryB"":""physiological"",""attention_check"":false,""correct_response"":null}","{""itemA"":""get sick"",""itemB"":""kick something"",""categoryA"":""physiological"",""categoryB"":""physical"",""attention_check"":false,""correct_response"":null}","{""itemA"":""get sick"",""itemB"":""reach for something"",""categoryA"":""physiological"",""categoryB"":""physical"",""attention_check"":false,""correct_response"":null}","{""itemA"":""get sick"",""itemB"":""remember something"",""categoryA"":""physiological"",""categoryB"":""cognitive"",""attention_check"":false,""correct_response"":null}","{""itemA"":""get sick"",""itemB"":""think about something"",""categoryA"":""physiological"",""categoryB"":""cognitive"",""attention_check"":false,""correct_response"":null}","{""itemA"":""get sick"",""itemB"":""choose what to do"",""categoryA"":""physiological"",""categoryB"":""cognitive"",""attention_check"":false,""correct_response"":null}","{""itemA"":""get sick"",""itemB"":""become hungry"",""categoryA"":""physiological"",""categoryB"":""physiological"",""attention_check"":false,""correct_response"":null}","{""itemA"":""get sick"",""itemB"":""sit down"",""categoryA"":""physiological"",""categoryB"":""physical"",""attention_check"":false,""correct_response"":null}","{""itemA"":""get sick"",""itemB"":""jump up and down"",""categoryA"":""physiological"",""categoryB"":""physical"",""attention_check"":false,""correct_response"":null}","[0,1,2,3,4,5,6,7,8,9,10,11,12,13,14]","","","","","","","","",""
"","","","","","survey-slider","16","null","2237908","DDD2730E405143CD97260529527F21AD","af6a41d7-0e2c-4ba7-878c-b89f7ce2681f","c9908d3c-c6c0-4ff0-8197-ad6b853728e6","","60134.79999999702","","{""Q0"":""2"",""Q1"":""100"",""Q2"":""66"",""Q3"":""0"",""Q4"":""43"",""Q5"":""37"",""Q6"":""100"",""Q7"":""67"",""Q8"":""59"",""Q9"":""30"",""Q10"":""85"",""Q11"":""100"",""Q12"":""11"",""Q13"":""14"",""Q14"":""31"",""Q15"":""26""}","","{""itemA"":""get tired"",""itemB"":""jump up and down"",""categoryA"":""physiological"",""categoryB"":""physical"",""attention_check"":false,""correct_response"":null}","{""itemA"":""get tired"",""itemB"":""sit down"",""categoryA"":""physiological"",""categoryB"":""physical"",""attention_check"":false,""correct_response"":null}","{""itemA"":""get tired"",""itemB"":""reach for something"",""categoryA"":""physiological"",""categoryB"":""physical"",""attention_check"":false,""correct_response"":null}","{""itemA"":""get tired"",""itemB"":""kick something"",""categoryA"":""physiological"",""categoryB"":""physical"",""attention_check"":false,""correct_response"":null}","{""itemA"":""get tired"",""itemB"":""remember something"",""categoryA"":""physiological"",""categoryB"":""cognitive"",""attention_check"":false,""correct_response"":null}","{""itemA"":""get tired"",""itemB"":""feel scared"",""categoryA"":""physiological"",""categoryB"":""physiological"",""attention_check"":false,""correct_response"":null}","{""itemA"":""get tired"",""itemB"":""get tired"",""categoryA"":""physiological"",""categoryB"":""physiological"",""attention_check"":false,""correct_response"":null}","{""itemA"":""get tired"",""itemB"":""get sick"",""categoryA"":""physiological"",""categoryB"":""physiological"",""attention_check"":false,""correct_response"":null}","{""itemA"":""get tired"",""itemB"":""experience pain"",""categoryA"":""physiological"",""categoryB"":""physiological"",""attention_check"":false,""correct_response"":null}","{""itemA"":""get tired"",""itemB"":""hear something"",""categoryA"":""physiological"",""categoryB"":""cognitive"",""attention_check"":false,""correct_response"":null}","{""itemA"":""get tired"",""itemB"":""choose what to do"",""categoryA"":""physiological"",""categoryB"":""cognitive"",""attention_check"":false,""correct_response"":null}","{""itemA"":null,""itemB"":null,""categoryA"":null,""categoryB"":null,""attention_check"":true,""correct_response"":100}","{""itemA"":""get tired"",""itemB"":""take a walk"",""categoryA"":""physiological"",""categoryB"":""physical"",""attention_check"":false,""correct_response"":null}","{""itemA"":""get tired"",""itemB"":""become hungry"",""categoryA"":""physiological"",""categoryB"":""physiological"",""attention_check"":false,""correct_response"":null}","{""itemA"":""get tired"",""itemB"":""think about something"",""categoryA"":""physiological"",""categoryB"":""cognitive"",""attention_check"":false,""correct_response"":null}","[0,1,2,3,4,5,6,7,8,9,10,11,12,13,14,15]","{""itemA"":""get tired"",""itemB"":""see something"",""categoryA"":""physiological"",""categoryB"":""cognitive"",""attention_check"":false,""correct_response"":null}","","","","","","","",""
"","","","","","survey-slider","17","null","2295400","DDD2730E405143CD97260529527F21AD","af6a41d7-0e2c-4ba7-878c-b89f7ce2681f","c9908d3c-c6c0-4ff0-8197-ad6b853728e6","","57482.29999999702","","{""Q0"":""12"",""Q1"":""74"",""Q2"":""87"",""Q3"":""80"",""Q4"":""48"",""Q5"":""100"",""Q6"":""20"",""Q7"":""73"",""Q8"":""28"",""Q9"":""29"",""Q10"":""63"",""Q11"":""70"",""Q12"":""71"",""Q13"":""62"",""Q14"":""20""}","","{""itemA"":""hear something"",""itemB"":""get tired"",""categoryA"":""cognitive"",""categoryB"":""physiological"",""attention_check"":false,""correct_response"":null}","{""itemA"":""hear something"",""itemB"":""kick something"",""categoryA"":""cognitive"",""categoryB"":""physical"",""attention_check"":false,""correct_response"":null}","{""itemA"":""hear something"",""itemB"":""reach for something"",""categoryA"":""cognitive"",""categoryB"":""physical"",""attention_check"":false,""correct_response"":null}","{""itemA"":""hear something"",""itemB"":""feel scared"",""categoryA"":""cognitive"",""categoryB"":""physiological"",""attention_check"":false,""correct_response"":null}","{""itemA"":""hear something"",""itemB"":""sit down"",""categoryA"":""cognitive"",""categoryB"":""physical"",""attention_check"":false,""correct_response"":null}","{""itemA"":""hear something"",""itemB"":""hear something"",""categoryA"":""cognitive"",""categoryB"":""cognitive"",""attention_check"":false,""correct_response"":null}","{""itemA"":""hear something"",""itemB"":""get sick"",""categoryA"":""cognitive"",""categoryB"":""physiological"",""attention_check"":false,""correct_response"":null}","{""itemA"":""hear something"",""itemB"":""think about something"",""categoryA"":""cognitive"",""categoryB"":""cognitive"",""attention_check"":false,""correct_response"":null}","{""itemA"":""hear something"",""itemB"":""experience pain"",""categoryA"":""cognitive"",""categoryB"":""physiological"",""attention_check"":false,""correct_response"":null}","{""itemA"":""hear something"",""itemB"":""see something"",""categoryA"":""cognitive"",""categoryB"":""cognitive"",""attention_check"":false,""correct_response"":null}","{""itemA"":""hear something"",""itemB"":""take a walk"",""categoryA"":""cognitive"",""categoryB"":""physical"",""attention_check"":false,""correct_response"":null}","{""itemA"":""hear something"",""itemB"":""choose what to do"",""categoryA"":""cognitive"",""categoryB"":""cognitive"",""attention_check"":false,""correct_response"":null}","{""itemA"":""hear something"",""itemB"":""jump up and down"",""categoryA"":""cognitive"",""categoryB"":""physical"",""attention_check"":false,""correct_response"":null}","{""itemA"":""hear something"",""itemB"":""remember something"",""categoryA"":""cognitive"",""categoryB"":""cognitive"",""attention_check"":false,""correct_response"":null}","{""itemA"":""hear something"",""itemB"":""become hungry"",""categoryA"":""cognitive"",""categoryB"":""physiological"",""attention_check"":false,""correct_response"":null}","[0,1,2,3,4,5,6,7,8,9,10,11,12,13,14]","","","","","","","","",""
"","","","","","survey-slider","18","null","2348213","DDD2730E405143CD97260529527F21AD","af6a41d7-0e2c-4ba7-878c-b89f7ce2681f","c9908d3c-c6c0-4ff0-8197-ad6b853728e6","","52803.80000000447","","{""Q0"":""8"",""Q1"":""0"",""Q2"":""0"",""Q3"":""50"",""Q4"":""22"",""Q5"":""12"",""Q6"":""40"",""Q7"":""90"",""Q8"":""22"",""Q9"":""25"",""Q10"":""100"",""Q11"":""46"",""Q12"":""47"",""Q13"":""0"",""Q14"":""100""}","","{""itemA"":""kick something"",""itemB"":""reach for something"",""categoryA"":""physical"",""categoryB"":""physical"",""attention_check"":false,""correct_response"":null}","{""itemA"":""kick something"",""itemB"":""become hungry"",""categoryA"":""physical"",""categoryB"":""physiological"",""attention_check"":false,""correct_response"":null}","{""itemA"":""kick something"",""itemB"":""sit down"",""categoryA"":""physical"",""categoryB"":""physical"",""attention_check"":false,""correct_response"":null}","{""itemA"":""kick something"",""itemB"":""jump up and down"",""categoryA"":""physical"",""categoryB"":""physical"",""attention_check"":false,""correct_response"":null}","{""itemA"":""kick something"",""itemB"":""choose what to do"",""categoryA"":""physical"",""categoryB"":""cognitive"",""attention_check"":false,""correct_response"":null}","{""itemA"":""kick something"",""itemB"":""see something"",""categoryA"":""physical"",""categoryB"":""cognitive"",""attention_check"":false,""correct_response"":null}","{""itemA"":""kick something"",""itemB"":""get sick"",""categoryA"":""physical"",""categoryB"":""physiological"",""attention_check"":false,""correct_response"":null}","{""itemA"":""kick something"",""itemB"":""experience pain"",""categoryA"":""physical"",""categoryB"":""physiological"",""attention_check"":false,""correct_response"":null}","{""itemA"":""kick something"",""itemB"":""hear something"",""categoryA"":""physical"",""categoryB"":""cognitive"",""attention_check"":false,""correct_response"":null}","{""itemA"":""kick something"",""itemB"":""feel scared"",""categoryA"":""physical"",""categoryB"":""physiological"",""attention_check"":false,""correct_response"":null}","{""itemA"":""kick something"",""itemB"":""kick something"",""categoryA"":""physical"",""categoryB"":""physical"",""attention_check"":false,""correct_response"":null}","{""itemA"":""kick something"",""itemB"":""think about something"",""categoryA"":""physical"",""categoryB"":""cognitive"",""attention_check"":false,""correct_response"":null}","{""itemA"":""kick something"",""itemB"":""remember something"",""categoryA"":""physical"",""categoryB"":""cognitive"",""attention_check"":false,""correct_response"":null}","{""itemA"":""kick something"",""itemB"":""take a walk"",""categoryA"":""physical"",""categoryB"":""physical"",""attention_check"":false,""correct_response"":null}","{""itemA"":""kick something"",""itemB"":""get tired"",""categoryA"":""physical"",""categoryB"":""physiological"",""attention_check"":false,""correct_response"":null}","[0,1,2,3,4,5,6,7,8,9,10,11,12,13,14]","","","","","","","","",""
"","","","","","instructions","19","2.0.0","2355335","DDD2730E405143CD97260529527F21AD","af6a41d7-0e2c-4ba7-878c-b89f7ce2681f","c9908d3c-c6c0-4ff0-8197-ad6b853728e6","","7120","","","[{""page_index"":0,""viewing_time"":7120}]","","","","","","","","","","","","","","","","","","","","","","","","",""
"","","","","","video-button-response","20","2.0.0","2400291","DDD2730E405143CD97260529527F21AD","af6a41d7-0e2c-4ba7-878c-b89f7ce2681f","c9908d3c-c6c0-4ff0-8197-ad6b853728e6","example_videos","44915","[""video/example-video-circles.mp4""]","0","","","","","","","","","","","","","","","","","","","","","","","","","",""
"","","","","","free-sort","21","2.0.1","2499162","DDD2730E405143CD97260529527F21AD","af6a41d7-0e2c-4ba7-878c-b89f7ce2681f","c9908d3c-c6c0-4ff0-8197-ad6b853728e6","","98863","","","","","","","","","","","","","","","","","","","","","[{""src"":""images/items-circles/img15.png"",""x"":610.4166666666667,""y"":0},{""src"":""images/items-circles/img1.png"",""x"":-60.41666666666666,""y"":550},{""src"":""images/items-circles/img7.png"",""x"":610.4166666666667,""y"":183.33333333333334},{""src"":""images/items-circles/img13.png"",""x"":-60.41666666666666,""y"":366.6666666666667},{""src"":""images/items-circles/img4.png"",""x"":610.4166666666667,""y"":366.6666666666667},{""src"":""images/items-circles/img11.png"",""x"":-60.41666666666666,""y"":183.33333333333334},{""src"":""images/items-circles/img10.png"",""x"":610.4166666666667,""y"":550},{""src"":""images/items-circles/img2.png"",""x"":-60.41666666666666,""y"":0},{""src"":""images/items-circles/img5.png"",""x"":793.75,""y"":0},{""src"":""images/items-circles/img12.png"",""x"":-243.75,""y"":550},{""src"":""images/items-circles/img6.png"",""x"":793.75,""y"":183.33333333333334},{""src"":""images/items-circles/img3.png"",""x"":-243.75,""y"":366.6666666666667},{""src"":""images/items-circles/img8.png"",""x"":793.75,""y"":366.6666666666667},{""src"":""images/items-circles/img9.png"",""x"":-243.75,""y"":183.33333333333334},{""src"":""images/items-circles/img14.png"",""x"":793.75,""y"":550}]","[{""src"":""images/items-circles/img2.png"",""x"":146,""y"":67},{""src"":""images/items-circles/img7.png"",""x"":472,""y"":190},{""src"":""images/items-circles/img5.png"",""x"":471,""y"":374},{""src"":""images/items-circles/img4.png"",""x"":495,""y"":393},{""src"":""images/items-circles/img13.png"",""x"":61,""y"":317},{""src"":""images/items-circles/img11.png"",""x"":339,""y"":99},{""src"":""images/items-circles/img9.png"",""x"":332,""y"":81},{""src"":""images/items-circles/img3.png"",""x"":68,""y"":179},{""src"":""images/items-circles/img1.png"",""x"":121,""y"":494},{""src"":""images/items-circles/img10.png"",""x"":412,""y"":596},{""src"":""images/items-circles/img10.png"",""x"":361,""y"":600},{""src"":""images/items-circles/img10.png"",""x"":332,""y"":600},{""src"":""images/items-circles/img6.png"",""x"":304,""y"":351},{""src"":""images/items-circles/img8.png"",""x"":200,""y"":388},{""src"":""images/items-circles/img10.png"",""x"":245,""y"":593},{""src"":""images/items-circles/img10.png"",""x"":184,""y"":526},{""src"":""images/items-circles/img10.png"",""x"":186,""y"":513},{""src"":""images/items-circles/img1.png"",""x"":82,""y"":536},{""src"":""images/items-circles/img12.png"",""x"":296,""y"":338},{""src"":""images/items-circles/img12.png"",""x"":87,""y"":436},{""src"":""images/items-circles/img14.png"",""x"":276,""y"":346},{""src"":""images/items-circles/img14.png"",""x"":299,""y"":501},{""src"":""images/items-circles/img8.png"",""x"":199,""y"":241},{""src"":""images/items-circles/img1.png"",""x"":331,""y"":290},{""src"":""images/items-circles/img11.png"",""x"":339,""y"":99},{""src"":""images/items-circles/img1.png"",""x"":383,""y"":228},{""src"":""images/items-circles/img10.png"",""x"":192,""y"":326},{""src"":""images/items-circles/img10.png"",""x"":205,""y"":266},{""src"":""images/items-circles/img10.png"",""x"":198,""y"":305},{""src"":""images/items-circles/img13.png"",""x"":69,""y"":392},{""src"":""images/items-circles/img1.png"",""x"":333,""y"":240},{""src"":""images/items-circles/img15.png"",""x"":19,""y"":303}]","[{""src"":""images/items-circles/img15.png"",""x"":18,""y"":303},{""src"":""images/items-circles/img1.png"",""x"":333,""y"":240},{""src"":""images/items-circles/img7.png"",""x"":472,""y"":190},{""src"":""images/items-circles/img13.png"",""x"":69,""y"":391},{""src"":""images/items-circles/img4.png"",""x"":495,""y"":393},{""src"":""images/items-circles/img11.png"",""x"":339,""y"":99},{""src"":""images/items-circles/img10.png"",""x"":197,""y"":305},{""src"":""images/items-circles/img2.png"",""x"":146,""y"":67},{""src"":""images/items-circles/img5.png"",""x"":470,""y"":373},{""src"":""images/items-circles/img12.png"",""x"":86,""y"":435},{""src"":""images/items-circles/img6.png"",""x"":303,""y"":351},{""src"":""images/items-circles/img3.png"",""x"":67,""y"":178},{""src"":""images/items-circles/img8.png"",""x"":199,""y"":241},{""src"":""images/items-circles/img9.png"",""x"":332,""y"":81},{""src"":""images/items-circles/img14.png"",""x"":298,""y"":501}]","","","","",""
"","","","","","instructions","22","2.0.0","2502030","DDD2730E405143CD97260529527F21AD","af6a41d7-0e2c-4ba7-878c-b89f7ce2681f","c9908d3c-c6c0-4ff0-8197-ad6b853728e6","","2866","","","[{""page_index"":0,""viewing_time"":2866}]","","","","","","","","","","","","","","","","","","","","","","","","",""
"","","","","","survey-html-form","23","2.0.0","2525058","DDD2730E405143CD97260529527F21AD","af6a41d7-0e2c-4ba7-878c-b89f7ce2681f","c9908d3c-c6c0-4ff0-8197-ad6b853728e6","demographics_survey","23015","","{""feedback"":""No comments"",""age"":""52"",""gender"":""Female"",""other_gender"":"""",""race"":""Black/African American"",""other_race"":"""",""ethnicity"":""Non-Hispanic""}","","","","","","","","","","","","","","","","","","","","","","No comments","52","Non-Hispanic","Female","Black/African American"
